,Countries,Wind_Speed,Temperature,Threat_Level,Safe(%),Moderate(%),Risk(%)
0,Afghanistan,10.5,82.4,Safe,98.89,0.46,0.65
1,Albania,0.0,73.4,Safe,98.71,0.52,0.77
2,Algeria,0.0,68.0,Safe,98.25,0.7,1.05
3,Andorra,1.8,46.2,Safe,71.41,8.79,19.79
4,Angola,0.0,75.2,Safe,98.81,0.48,0.7
5,Argentina,5.6,46.4,Safe,57.63,13.4,28.96
6,Armenia,0.0,78.8,Safe,98.97,0.42,0.61
7,Australia,12.5,53.6,Safe,43.77,23.25,32.98
8,Austria,17.4,60.8,Safe,61.58,7.28,31.14
9,Azerbaijan,23.0,86.0,Safe,97.03,0.89,2.08
10,Bahrain,17.4,96.8,Safe,81.7,8.42,9.88
11,Bangladesh,10.7,93.0,Safe,99.27,0.29,0.43
12,Barbados,16.1,78.8,Safe,72.37,13.17,14.46
13,Belarus,9.4,64.4,Safe,88.21,5.07,6.72
14,Belgium,6.9,64.4,Safe,97.27,1.07,1.66
15,Belize,4.3,82.4,Safe,99.11,0.36,0.53
16,Benin,0.0,78.8,Safe,98.97,0.42,0.61
17,Bhutan,0.0,73.4,Safe,98.71,0.52,0.77
18,Bolivia,8.1,39.2,Risky,16.41,30.59,53.0
19,Botswana,0.0,37.4,Safe,64.09,11.66,24.25
20,Brazil,5.6,64.4,Safe,97.54,0.96,1.5
21,Brunei Darussalam,9.4,91.4,Safe,99.28,0.29,0.43
22,Bulgaria,10.5,66.2,Safe,73.77,11.94,14.29
23,Burundi,1.3,66.6,Safe,98.1,0.76,1.15
24,Cambodia,9.4,91.4,Safe,99.28,0.29,0.43
25,Cameroon,0.0,69.8,Safe,98.44,0.63,0.93
26,Canada,4.3,46.4,Safe,66.75,10.31,22.94
27,Chad,12.5,73.4,Safe,72.71,12.92,14.37
28,Chile,6.9,46.4,Risky,33.92,22.09,43.99
29,China,6.9,98.6,Safe,99.36,0.25,0.38
30,Colombia,6.9,53.6,Safe,72.16,9.66,18.18
31,Comoros,15.0,80.6,Safe,73.02,12.84,14.14
32,Colombia,0.0,68.0,Safe,98.25,0.7,1.05
33,Croatia,4.3,64.4,Safe,97.67,0.91,1.42
34,Cuba,0.0,71.6,Safe,98.59,0.57,0.84
35,Cyprus,1.6,73.0,Safe,98.7,0.53,0.77
36,Denmark,6.9,62.6,Safe,96.63,1.31,2.07
37,Djibouti,11.9,98.6,Safe,99.32,0.27,0.4
38,Dominica,12.1,79.9,Safe,95.59,1.94,2.46
39,Ecuador,4.7,53.4,Safe,86.73,4.42,8.86
40,Egypt,10.5,77.0,Safe,98.15,0.78,1.06
41,Eritrea,3.6,71.1,Safe,98.57,0.58,0.85
42,Estonia,10.5,68.0,Safe,83.59,7.38,9.02
43,Ethiopia,9.4,59.0,Safe,61.23,16.65,22.11
44,Fiji Islands,27.5,82.2,Safe,90.94,1.94,7.12
45,Finland,8.1,69.8,Safe,98.12,0.77,1.11
46,France,5.6,60.8,Safe,96.39,1.36,2.25
47,Gabon,8.1,77.0,Safe,98.86,0.46,0.68
48,Georgia,11.9,80.6,Safe,96.97,1.32,1.71
49,Germany,9.4,66.2,Safe,93.62,2.73,3.65
50,Ghana,5.6,78.8,Safe,99.0,0.41,0.59
51,United States of America,0.0,48.9,Safe,81.56,5.87,12.56
52,Grenada,5.6,80.6,Safe,99.06,0.38,0.56
53,Guatemala,13.6,64.4,Safe,64.41,17.33,18.26
54,Guinea,4.3,80.6,Safe,99.06,0.38,0.56
55,Guyana,0.0,77.0,Safe,98.9,0.45,0.65
56,Haiti,0.0,78.8,Safe,98.97,0.42,0.61
57,Honduras,4.0,66.9,Safe,98.11,0.75,1.14
58,Hungary,5.6,66.2,Safe,97.91,0.82,1.26
59,Iceland,5.6,50.0,Safe,69.68,9.67,20.65
60,India,4.3,100.4,Safe,99.37,0.25,0.38
61,Indonesia,3.6,81.5,Safe,99.09,0.37,0.54
62,Iran,16.1,87.8,Safe,77.42,10.59,11.99
63,Iraq,10.5,98.6,Safe,99.35,0.26,0.39
64,Ireland,0.0,57.2,Safe,95.29,1.72,2.99
65,Mexico,1.3,59.9,Safe,96.63,1.27,2.1
66,Italy,0.0,66.2,Safe,98.03,0.78,1.19
67,Jamaica,5.6,80.6,Safe,99.06,0.38,0.56
68,USA United States of America,4.3,68.0,Safe,98.25,0.7,1.05
69,Jordan,8.1,71.6,Safe,98.39,0.66,0.95
70,Kazakhstan,11.9,57.2,Safe,54.52,21.48,24.0
71,Kenya,8.1,62.6,Safe,94.92,2.04,3.04
72,Kiribati,6.5,80.2,Safe,99.05,0.39,0.57
73,Kosovo,0.0,69.8,Safe,98.44,0.63,0.93
74,Kuwait,11.9,104.0,Safe,99.39,0.25,0.37
75,Afghanistan,10.7,72.0,Safe,93.9,2.7,3.41
76,Indonesia,5.1,83.3,Safe,99.14,0.35,0.51
77,Latvia,6.9,60.8,Safe,95.54,1.7,2.76
78,Lebanon,4.3,75.2,Safe,98.84,0.47,0.69
79,Lesotho,2.7,30.7,Safe,54.8,18.64,26.56
80,Liberia,4.3,75.2,Safe,98.84,0.47,0.69
81,Libya,10.7,69.8,Safe,87.55,5.59,6.86
82,Liechtenstein,1.1,47.7,Safe,76.73,7.24,16.03
83,Lithuania,3.8,57.2,Safe,94.35,2.02,3.63
84,Luxembourg,8.1,60.8,Safe,91.54,3.37,5.1
85,Macedonia,2.5,65.7,Safe,97.96,0.81,1.23
86,Madagascar,9.4,60.8,Safe,68.64,13.53,17.83
87,Malawi,13.6,59.0,Safe,57.96,19.2,22.84
88,Malaysia,10.5,93.2,Safe,99.28,0.29,0.43
89,Maldives,15.0,84.2,Safe,77.27,10.67,12.06
90,Mali,4.3,73.4,Safe,98.74,0.51,0.75
91,Malta,17.4,73.4,Safe,76.69,10.41,12.9
92,Mauritania,7.6,84.9,Safe,99.17,0.34,0.49
93,Mauritius,10.5,75.2,Safe,97.59,1.03,1.38
94,Mexico,6.0,65.5,Safe,97.74,0.89,1.37
95,Micronesia,0.0,80.6,Safe,99.03,0.39,0.57
96,Moldova,6.9,68.0,Safe,98.07,0.77,1.16
97,Monaco,8.1,68.0,Safe,97.76,0.91,1.33
98,Mongolia,6.9,86.0,Safe,99.2,0.32,0.48
99,Brazil,2.9,47.7,Safe,73.02,8.31,18.67
100,Morocco,3.8,62.6,Safe,97.28,1.04,1.67
101,Mozambique,3.8,59.0,Safe,95.93,1.5,2.58
102,Myanmar,10.7,90.7,Safe,99.23,0.31,0.46
103,Namibia,1.6,38.1,Safe,62.31,12.5,25.2
104,Nauru Island,9.2,82.9,Safe,99.07,0.38,0.55
105,Nepal,4.3,73.4,Safe,98.74,0.51,0.75
106,Netherlands,2.7,60.1,Safe,96.61,1.27,2.12
107,Nicaragua,5.4,76.5,Safe,98.9,0.44,0.65
108,Niger,3.8,80.6,Safe,99.06,0.38,0.56
109,Nigeria,6.9,77.0,Safe,98.91,0.44,0.65
110,Norway,3.8,66.2,Safe,98.01,0.79,1.2
111,Oman,4.3,102.2,Safe,99.38,0.25,0.37
112,Pakistan,6.5,100.8,Safe,99.38,0.25,0.37
113,Mexico,12.3,77.7,Safe,88.74,5.1,6.15
114,Panama,0.0,80.6,Safe,99.03,0.39,0.57
115,Paraguay,0.0,59.0,Safe,96.36,1.36,2.28
116,Peru,5.8,60.1,Safe,95.91,1.53,2.57
117,Philippines,3.8,82.4,Safe,99.11,0.36,0.53
118,Poland,0.0,60.8,Safe,96.94,1.17,1.89
119,Portugal,2.5,60.8,Safe,96.86,1.19,1.95
120,Qatar,15.0,107.6,Safe,99.22,0.32,0.46
121,Romania,4.3,69.8,Safe,98.45,0.62,0.93
122,Russia,13.6,68.0,Safe,67.28,15.96,16.76
123,Rwanda,0.0,68.0,Safe,98.25,0.7,1.05
124,Samoa,9.4,78.8,Safe,98.85,0.47,0.68
125,Senegal,11.9,77.0,Safe,92.09,3.54,4.37
126,Serbia,5.6,64.4,Safe,97.54,0.96,1.5
127,Seychelles Islands,12.5,84.2,Safe,97.27,1.18,1.55
128,Singapore,3.8,82.4,Safe,99.11,0.36,0.53
129,Slovakia,17.4,64.4,Safe,84.53,4.18,11.29
130,Slovenia,0.0,60.8,Safe,96.94,1.17,1.89
131,Somalia,18.3,79.7,Safe,76.84,10.68,12.48
132,Spain,0.0,68.0,Safe,98.25,0.7,1.05
133,Sudan,17.4,84.2,Safe,75.74,11.44,12.83
134,Suriname,5.6,80.6,Safe,99.06,0.38,0.56
135,Swaziland,6.3,41.0,Risky,27.21,26.4,46.39
136,Sweden,5.6,66.2,Safe,97.91,0.82,1.26
137,Switzerland,3.8,57.2,Safe,94.35,2.02,3.63
138,Syria,4.3,71.6,Safe,98.61,0.56,0.83
139,Taiwan,12.5,91.4,Safe,98.98,0.42,0.6
140,Tajikistan,0.0,89.6,Safe,99.24,0.31,0.45
141,Tanzania,9.4,66.2,Safe,93.62,2.73,3.65
142,Thailand,9.4,87.8,Safe,99.21,0.32,0.47
143,Togo,4.3,78.8,Safe,99.0,0.41,0.59
144,Tonga,11.9,71.6,Safe,73.85,12.27,13.88
145,Tunisia,17.4,71.6,Safe,80.1,8.44,11.46
146,Turkey,4.3,60.8,Safe,96.67,1.25,2.07
147,Turkmenistan,16.1,104.0,Safe,97.26,1.17,1.57
148,Tuvalu,8.1,89.6,Safe,99.26,0.3,0.44
149,Uganda,17.4,71.6,Safe,80.1,8.44,11.46
150,Ukraine,6.9,73.4,Safe,98.68,0.53,0.78
151,Uruguay,6.7,44.6,Risky,31.06,23.41,45.52
152,Uzbekistan,6.9,96.8,Safe,99.35,0.26,0.39
153,Vanuatu,10.5,77.0,Safe,98.15,0.78,1.06
154,Venezuela,0.0,73.4,Safe,98.71,0.52,0.77
155,Vietnam,3.8,80.6,Safe,99.06,0.38,0.56
156,Yemen,10.1,69.4,Safe,94.15,2.55,3.3
157,Zambia,6.9,51.4,Safe,62.1,12.8,25.1
158,Zimbabwe,2.7,50.5,Safe,82.52,5.59,11.89
